pattern
600217287
600260262
600874730
601802738
602048193
602068225
602114660
602165720
602181258
602223938
602226925
602227084
602400363
602410296
602412499
602455938
602463106
602478026
602487443
602499508
602508947
602523137
602539317
602540276
602560976
602581368
602593005
602616391
602627114
602629306
602630864
602643349
602674427
602696773
602737437
602840197
603106193
603171013
603185768
603191630
603235158
603261727
603274372
603479446
603555083
603756472
603931033
603932439
603980390
604010866
604010890
604010917
604010930
604047785
604047858
604047948
604060950
604060969
604132803
604155138
604164908
604253845
604317588
604338274
604342307
604381858
604385797
604962677
605068374
605072457
605106549
605156256
605173071
605179461
605227967
605242712
605247360
605277860
605290032
605329402
605401551
605438832
605447257
605494341
605518755
605551236
605552627
605558371
605670467
605687893
605688885
605696721
605714698
605729577
605759786
605783495
605792135
605826310
605852385
605883385
605950916
605978996
605989957
605990555
606074393
606179923
606223145
606262076
606278930
606350753
606445150
606454079
606516978
606523878
606527898
606530900
606540683
606649429
606702578
606705876
606789951
606797990
606863639
606925939
606960938
607582958
607910837
607980180
607980264
607980601
608005992
608037024
608142736
608163398
608224036
608245150
608293427
608371658
608460897
608462225
608474377
608513653
608521352
608567343
608624754
608663050
608758871
608761491
608768820
608873311
608901883
608962961
609041697
609044901
609068463
609165305
609172623
609210496
609245711
609424902
609454466
609464747
609467525
609482797
609562621
609619886
609655303
609658363
609672741
609708707
609722793
609735046
609748992
609813387
609937893
609970948
610119057
610155538
610166666
610418123
610447979
611212304
611217199
611232272
611244436
611311964
611312596
611338324
611650727
611655464
612229245
612290088
612291789
612425164
612436118
612443725
612541208
612562562
612585311
613231086
613233519
613348938
613363231
613476377
613476574
613572657
613576383
613587873
613590913
613618986
613642094
613656636
613723757
613786472
613800952
613846591
613885035
613925138
614200565
614415516
614495497
614872279
615032977
615038000
615038008
615038509
615038615
615057419
615140471
615147522
615207205
615305735
615318868
615350191
615360423
615373301
615380055
615442857
615446118
615471858
615520504
615545586
615620913
615637810
615642893
615689416
615715231
615778737
615779095
615797229
615803326
615803405
615803531
615805021
615805087
615805362
616011842
616060029
616080863
616187699
616203668
616393798
616402268
616425310
616452098
616467638
616567848
616599007
616601555
616703097
616707594
616720137
616738711
616783755
616812156
616832829
616865750
616873978
616891357
616943383
616945615
616965483
617007656
617046958
617057293
617069410
617071957
617115972
617145414
617217726
617338196
617364910
617404555
617418581
617419116
617433958
617434298
617473522
617488668
617507327
617574618
617725166
617853138
617867360
617887834
617939599
618400263
618787803
618935792
618959130
619201277
619232145
619247144
619673165
620025013
620082417
620296953
620622469
620698390
620776476
620781164
620901248
620922360
621199977
621671374
622175287
622181070
622191477
622206427
622213966
622419897
622420722
622526740
623150384
623205807
623207664
623725251
623998055
624023226
624023316
624042937
624065869
624067073
624192005
624293045
624298681
624339412
624485637
624619054
624624121
624624528
624635999
624653641
624669919
624715082
624865465
624934071
624972379
625014179
625071233
625093007
625101503
625124621
625132739
625174003
625196287
625304821
625305360
625313542
625376795
625485213
625555751
625574586
625706931
625706984
625708743
625863627
625884754
625979184
626044319
626060083
626063651
626074790
626077609
626130832
626197986
626212613
626220857
626238574
626263639
626306551
626320646
626349500
626417904
626434806
626446663
626487609
626507953
626578888
626609479
626620089
626698275
626797641
626863949
626973438
627014758
627027863
627068793
627083414
627130211
627233239
627302865
627344014
627350268
627356954
627410889
627418471
627469196
627486529
627506428
627533694
627536857
627539585
627575074
627576589
627577553
627715362
627787530
627807085
627815995
627835962
627841652
627844427
627856081
627866694
627897769
627924564
627979182
628165247
629138026
629168399
629466269
629729720
629985740
630300271
630303019
630306333
631007837
631063614
631065607
631103211
631157316
631173907
631193794
631209842
631219536
631222935
631242841
631242955
631274817
631295064
631295150
631307446
631383796
631404955
631424899
631427652
631430853
631446536
631456387
631588003
631589649
631613057
631662081
631673712
631852038
631878453
631959734
631972818
632075179
632103808
632132477
632136791
632140417
632144404
632165066
632190474
632220289
632242492
632255109
632338399
632390468
632425005
632428579
632432305
632478213
632488487
632547289
632605173
632633935
632671452
632738843
632866040
632867664
632904792
632928577
632930357
632946149
633070783
633078255
633123280
633207393
633242753
633274449
633330829
633404330
633486504
633548872
633560886
633586640
633603544
633608580
633617229
633633556
633692373
633693427
633783196
633786231
633797851
633804472
633831195
633843240
633892044
633939729
633941754
633994166
633994290
634001078
634004320
634018617
634034685
634035174
634036768
634036988
634078516
634088755
634097295
634120858
634121160
634135142
634154148
634154366
634181915
634189478
634201929
634220666
634223425
634244558
634247382
634298707
634310566
634370802
634442610
634499329
634518722
634527622
634668926
634713897
634734557
634751092
634753402
635018004
635084896
635103217
635114135
635122193
635152843
635177521
635265372
635358551
635371871
635376264
635422135
635422943
635459996
635480646
635492363
635781178
635806857
635941052
635941137
635941188
635941874
635987004
636018490
636086794
636201361
636203601
636212014
636219388
636253887
636279720
636285306
636384987
636390901
636397676
636422076
636446582
636523070
636576929
636584397
636638194
636690871
636719333
636731105
636810576
636817265
636888410
636901814
636975712
636976182
636996351
637005423
637035361
637087436
637095500
637137317
637147280
637160227
637166473
637235921
637319487
637337813
637347697
637354288
637369303
637470767
637502816
637542117
637638781
637718676
637805845
637892346
637894851
637895266
637896201
638179715
638657119
638708085
639114577
639244278
639268560
639273938
639287622
639304944
639324995
639351239
639372139
639377894
639385258
639442245
639592034
639626874
639700724
639714270
639752255
639754637
639896701
639904979
640008718
640008735
640010225
640010397
640010405
640010406
640010453
640010465
640010472
640010548
640010556
640010588
640012134
640012137
640012143
640014011
640014030
640014045
640014048
640113142
641014415
641020756
641087874
641147563
641248044
641292173
641320449
641327158
641362118
641363108
641378099
641390409
641434506
641439208
641537621
641557255
641600869
641624040
641692052
641849409
641868766
641893568
641895068
641926134
642037098
642039302
642056718
642138736
642162832
642350916
642359938
642368411
642372833
642452006
642471768
642474080
642520594
642549754
642555189
642645951
642692450
642741435
642773991
642845665
642890597
642895412
642925200
643038139
643054674
643060703
643074733
643106463
643111950
643141335
643191760
643214383
643222193
643305003
643319090
643347899
643373641
643385295
643404412
643416692
643419491
643420955
643433787
643435070
643441394
643543430
643594447
643699460
643731757
643776353
643808358
643895234
643919257
643924373
643935982
644039570
645051978
645053220
645076416
645086602
645093270
645104132
645112906
645113918
645118442
645118792
645121059
645162144
645181002
645186709
645198262
645199024
645250255
645285862
645287749
645289497
645293653
645316480
645320563
645356509
645366071
645370585
645371009
645373284
645376308
645428594
645668429
645690833
645731934
645757307
645800006
645848974
645849849
645868121
645868349
646096066
646184603
646214090
646221864
646244576
646281531
646337239
646371484
646515834
646518527
646623883
646631687
646641082
646662603
646684455
646715934
646736118
646757739
646809785
646810379
646834235
646834491
646881166
646894683
646949216
647028221
647089768
647235132
647273885
647291819
647296872
647408554
647409404
647415517
647446342
647483209
647483866
647494004
647503527
647507672
647510200
647593013
647599953
647619162
647663100
647676475
647694564
647734636
647754395
647754810
647770830
647840559
647878904
647891511
647924808
647948056
647948985
647961096
647970037
648100232
648121783
648228072
648279929
648290488
648334774
648403695
648517609
648561626
648597327
648622961
648636028
648650140
648650758
648664596
648672198
648757869
648779255
648798835
648862530
648984878
648993497
649516219
649714643
650278692
650314814
650693413
651011564
651040787
651069682
651317040
651444870
651447494
651594317
651632166
651634549
651686097
651695251
651699960
651714101
651714108
651756192
651759598
651759886
651760060
651772672
651790668
651790695
651790774
651791061
651791119
651809147
651987595
652035635
652110363
652114485
652188986
652316819
652322206
652343296
652355691
652384530
652395586
652395663
652395910
652523666
652528228
652569135
652582215
652594375
652667583
652770510
652773082
652933424
654012292
654012542
654018460
654019145
654020528
654068119
654075529
654076800
654083371
654095070
654118885
654149996
654172569
654227020
654307550
654319835
654354151
654386629
654478679
654569898
654656610
654727878
654752612
654783006
654935026
654972209
654998444
655012960
655060903
655091107
655115610
655121649
655166736
655184871
655262586
655344502
655405046
655597607
655626605
655666505
655678152
655704531
655720458
655732426
655770809
655838692
655860039
655882859
655959825
657677735
657678141
657680182
657689100
657930922
657936320
658011589
658090498
658111875
658121505
658169859
658177524
658192458
658193921
658194304
658312136
658317643
658386296
658479145
658487194
658521679
658544776
658625733
658626043
658628083
658631953
658679876
658720520
658888828
658902597
659656829
659952511
660046345
660121122
660426191
660428116
660512468
660639712
660838923
660856467
660890243
661157516
661184464
661203999
661279747
661342963
661413024
661463402
661554985
661595578
661603290
661620667
661639363
661662289
661725596
661726178
661748717
661834376
661850428
661858216
661873480
661948300
662094517
662269490
662346712
662640406
662836028
662900006
662900169
662900207
662900210
662900232
662903265
662903804
662904601
662904663
662904683
662904782
662912154
662912248
662912393
662970262
662970669
662978333
662980149
662988850
662988908
662992813
662994112
662995169
662997844
662998984
663054676
663070050
663085000
663131148
663132033
663133488
663284366
663362634
663498998
663546928
663614490
663640828
663675362
663687002
663698149
663698173
663881664
663894344
663984926
664036670
664117019
664197972
664226835
664229708
664262020
664292036
664316314
664325154
664379808
664468475
664468571
664530658
664603265
664605420
664619360
664712433
664772029
664776211
664808727
664828651
664865912
664912093
664912094
664912095
665021881
665256050
665306923
665800433
665844288
665912350
665983854
666004891
666061456
666081787
666096914
666151282
666151696
666178761
666188737
666256346
666403156
666406585
666407531
666464086
666508394
666549681
666552857
666662662
666734296
666797040
666826223
666894854
666939686
666947230
666957029
667008346
667034426
667107370
667157382
667218506
667238938
667343048
667396164
667408649
667477256
667509699
667533882
667576381
667594712
667603624
667603994
667628784
667867979
667912015
667943344
667967499
669493969
670007031
670030287
670046129
670059682
670109930
670301200
670309493
670340507
670449172
670452275
670594159
670612151
670642639
670677709
670697049
670711380
670741886
670762921
670883070
670950950
670981291
671108205
671470740
671549490
671723433
671759753
671793059
671867923
672030986
672044370
672126448
672235874
672341608
672398737
672497717
672501977
672502456
672521106
672586086
672598591
672647831
672778970
672811965
672865185
672865376
672866425
672874698
672927249
672930154
672939464
672951742
672952346
672955973
672958979
672962822
673027426
673108401
673139678
673191542
673218956
673254705
673303799
673400680
673468812
673475671
673496918
673512336
673584254
673713485
673798932
673898669
673934911
673935292
673949242
673999199
674435215
674597340
675012400
675076097
675081510
675165493
675237772
675361528
675396275
675481671
675580124
675581394
675598842
675631250
675722561
675756034
675756204
675757099
675798651
675846219
675851788
675877867
675886844
675889933
675966824
675976664
675981038
675982886
675987417
675993344
676119420
676255281
677570022
677570276
677580569
677580636
677746681
677761553
678040284
678061604
678068977
678087396
678139235
678158669
678221459
678221549
678440218
678440679
678447820
678462551
678470220
678490520
678568033
678598561
678637735
678695468
678737728
678740867
678801877
678861932
678872480
678909119
678917884
679092158
679498759
679542684
679783169
680162270
681208233
681317949
682085572
682132016
682438850
682610318
683238153
683245916
683279335
683311423
683321324
683370958
683418390
683457902
683495206
683532459
683540926
683566796
683586377
683588428
683622283
683685272
683780124
683780761
683788998
683789735
684037327
684038482
684049453
684382286
684418690
684421344
684460757
684461708
684462905
684463873
684465554
684467676
684467961
684494615
684496107
684496136
684498344
684617423
684627712
684701780
684735641
684767742
684790974
684801274
684801275
685028558
685086916
685116121
685116326
685220566
685323292
685559572
685669208
685811976
686033368
686075918
686099753
686143623
686211439
686234949
686289633
686346489
686376628
686382771
686449808
686465241
686540456
686609009
686649192
686662931
686705179
686754236
686802031
686807082
686951581
686983612
686986879
687000229
687040856
687040868
687145196
687179809
687252793
687262682
687262745
687323211
687333416
687358921
687450639
687621370
687644218
687687994
687758848
687777684
687813024
687858054
687866254
687874555
687889963
688107440
688375850
688628507
688765431
688824055
689049272
689252257
689254003
689347552
689388321
689445352
689486027
689499519
689579874
689645953
689697129
689713183
689735144
689752271
689755256
689821222
689831789
689832775
689888964
689911618
689966099
689983097
690213352
690646749
690931796
691046408
691090736
691090745
691090766
691090899
691270829
692108855
692110184
692424234
692665533
693112124
693112175
693112183
693112333
693114554
693114576
693116205
693116211
693116836
693117994
693118104
693120770
693123654
693124866
693125641
693127392
693127526
693128279
693129405
693129542
693131441
693132692
693251184
693374998
694203586
694225071
694227153
694228749
694230734
694231306
694231667
694238741
694246026
694255319
694271291
694278740
694301376
694301387
694301403
694301413
694401978
694404159
694421542
694462781
694484205
694496784
695011693
695022222
695139221
695219903
695263164
695268495
695291496
695324459
695324918
695351740
695389093
695482658
695548781
695556877
695557568
695592048
695674094
695696056
695753227
695756578
695817601
695871266
695994383
696124096
696266331
696897621
697129174
697239624
697251788
697273808
697298211
697308333
697373569
697409068
697437738
697468278
697479216
697508664
697508890
697578053
697609929
697624406
697679879
697684864
697881827
697881830
697953099
697963501
698181148
698187427
699826129
704101115
704508361
704594296
704957425
710441810
711006913
711010945
711040840
711159817
711630867
711692966
711711711
711720120
711723747
711723975
711724244
711730715
711730866
711730886
711731318
711739136
711753524
711775651
711786229
711788791
711913914
711937867
722150715
722475345
722540759
722597155
722754362
727702797
727716145
727720748
727720794
727720809
727720900
727731379
727731779
727732682
727732914
727760277
727774764
727783171
727783819
727787934
727794554
728172171
729250360
730795402
738796663
742050467
744056572
744275276
744403371
744457645
744458362
744460769
744630844
744734534
744780863
744780908
744780930
744781146
744781173
744781444
744781832
744781834
744781844
744781851
744786816
744786836
744787460
744787674
744788083
747440155
749095338
757748482
758860269
766936028
769246890
770096212
770142699
777497325
779502183
786709862
787179547
787448319
787842902
787897863
788098572
788956031
794929318
798410469
800009779
800009891
800009893
800009928
800033802
800500009
800700118
800888233
807405036
807426219
807429946
807456036
807456081
807456186
807456260
807456451
807456453
807456454
807456455
807456459
807456572
807456660
807456894
807464291
807477542
807489910
807511264
807511298
808241852
809090142
809780423
809970355
810520052
815029760
815029763
815029764
815029769
815029771
815029772
815030297
815030332
815030337
815030339
815031663
815060087
819510351
819700327
822119518
822267935
822280528
822720654
822720746
822721476
822721728
822722388
824802051
824812902
824814700
824814738
824814977
824814980
825719986
825750482
825750641
825750703
825751259
825751407
825751567
825751808
825751964
825752177
825752179
825752182
825752184
825752187
825752188
825752210
825752211
825767903
825771160
825775106
825896579
825920687
828026305
828150468
828151839
828151882
828151919
828408320
828647924
828647925
828647927
828742379
828805471
829969460
832329981
838240267
841186601
842819957
842840373
842840927
842841173
842841382
842841593
842841718
842841951
842842789
842904193
842906802
842906823
842906840
842906928
842907914
842907932
842907943
842907946
842910064
842914074
842915239
842915240
846612795
846636097
846636145
848486151
848486284
848837128
848837130
848837131
848837263
848982353
848982513
848982526
848982900
851817075
851912010
851990062
851990230
851990327
851990611
854555973
854556561
854562692
854564830
854567135
854568162
854568584
854569151
854573576
854580167
854580773
854581294
854581917
854582174
854582190
854582939
854586673
854587216
854588213
854588447
854589358
854589410
854613805
854613968
854614017
854614810
854615604
854619173
854619549
854630712
854630918
854631077
854631078
854671686
854671687
854679006
854679183
854679185
854679186
854679213
854679228
854679250
854790928
854790932
854790934
854790935
854794012
854794040
854794173
854794480
854840704
854851046
854851062
854851358
854852392
854852412
854852416
854852448
854852472
854852496
854852503
854852508
854852529
854852582
854852617
854852647
854852665
854852759
854852908
854852919
854852948
855330865
856000344
856000345
856000350
856100825
856101694
856102147
856140261
856140341
856140450
856180302
856192092
856192135
856192146
856192182
856193561
856196484
856196509
856196599
856196668
856197045
856197119
856197233
856197307
856197311
856197329
856197337
856197463
856198337
856198345
856198779
856565592
856565603
856565616
856565618
856565621
856565638
856565714
856565723
856565777
856565947
856599326
856599334
856599337
856599348
856599414
856599438
856599527
856599625
856599676
856599733
856599766
856599967
856620039
856620101
856620511
856620672
856620746
856620975
856621263
856621345
856621376
856621385
856621457
856621559
856621575
856621736
856621754
856621777
856622139
856622183
856622304
856622341
856622396
856622408
856622416
856622461
856622548
856622813
856622832
856622843
856622860
856622865
856623104
856623145
856623346
856623798
856623817
856624102
856624294
856624356
856624409
856624498
856624705
856624808
856625041
856625127
856625137
856625212
856625218
856625268
856625372
856625443
856625658
856625708
856625919
856634019
856636213
856636299
856644009
856704225
856830185
856830191
856830192
856830193
856852132
856852218
856852231
856852337
856852353
856920777
856924394
856925003
856925007
857700414
857700632
857700673
857700803
857700891
857700956
857701019
857701087
857701160
857701330
857701357
857701358
857701484
857701576
857701740
857701744
857701860
857701896
857702155
857702163
857702271
857702479
857702506
857702615
857702625
857702734
857702749
857702789
857702973
857703172
857703354
857750017
857804561
857804612
857804661
857852154
857852353
858100522
858216090
858222343
858222447
858689464
858689589
858689636
858701225
858822544
858886499
858940525
858953689
858953850
858953885
858990383
858990384
858990386
858990387
859089183
860915282
860915346
864993032
865449600
865455210
865482118
865482781
865482899
865484023
865484108
865484165
865485628
865486102
865486533
865486627
865486691
865486744
865486791
865602344
865862296
865862329
865862376
865862507
865862618
865862637
865862642
865862689
865862701
865862739
868201453
868202478
868202507
868202513
868202514
868202532
868202543
868202553
868202567
868202578
868202582
868202587
868202591
868202593
868202595
868202601
868202604
868202606
868202608
868202609
868202614
868202615
868202632
868202637
868202639
868202645
868202652
868202659
868202662
868202669
868202675
868202683
868202686
868202696
868202698
868202708
868202713
868202717
868202718
868202734
868202737
868202741
868202743
868202746
868202752
868202754
868202758
868202761
868202763
868202767
868202771
868202776
868202781
868202786
868202789
868202791
868202794
868202796
868202804
868202808
868202812
868202814
868202815
868202835
868202863
868202872
868202932
868310354
868310355
868359006
868682103
868682470
868682496
868682497
868682601
868683784
868684185
868684189
868684198
868684214
868685214
868685477
868997696
871059834
871182562
871245044
871248906
871620473
871621057
871621206
871621574
871621613
871621618
871621623
871621629
871621630
871621638
871621640
871621642
871621647
871621649
871621651
871621654
871621659
871621660
871621679
871621702
871621709
871621712
871622192
871623328
871623405
871623531
871623534
872040892
872221314
872221402
872221413
872221758
872222670
872222687
872224425
872291071
872291087
872291124
872323613
873409465
873455403
873611026
873625020
873661203
873981009
873981049
873981181
873981258
873981276
873981314
876055708
876120062
876120105
876120106
876150721
876216907
876402319
876402516
876402528
876402574
876402593
876503922
876508726
876599559
876599634
876660179
876660904
876661602
876661768
876662016
876662088
876662099
876662193
876662265
876662268
876662873
876662877
876662880
876662904
876662905
876662910
876662920
876662923
876662929
876663383
876663409
876663630
876663708
876663788
876663928
876664142
876664170
876664659
876664662
876664695
876664697
876664920
876666618
876666637
876780059
876785002
876785095
877050941
877221134
877266077
877448954
877449723
877999425
881150699
881150711
881150715
881150913
881150915
881150919
881150921
881150937
881150939
881150949
881151013
881152140
881152211
881152235
881166606
881244315
881255384
881256992
881310362
881358935
881509961
881558605
882410934
882685938
882902891
882965892
886060267
886060278
886060342
886061326
886061952
886061953
886061957
886061958
886061959
886061965
886061967
886061968
886061969
886061974
886061977
886061981
886061982
886061985
886062001
886062006
886062010
886062020
886062053
886062637
886063942
886063964
886168469
886168753
886168769
886189054
886198491
886198492
886402238
887881294
887883120
889390146
889534124
889630142
892067446
900266158
900373406
900373997
900470000
900494055
900494967
900499101
900535260
900601004
900645029
900670670
900676035
900680365
900730040
900730089
900730113
900730115
900730974
900730979
900802290
900804407
900848011
900848012
900900861
900905087
900906668
900906787
900908861
902018061
902019035
902019123
902022222
902028305
902043175
902051841
902101160
902108330
902112424
902122202
902157672
902202404
902207010
902487748
902502102
902550055
902581069
902581070
902584443
902879148
908032157
908097940
908260569
908301264
908302820
908315576
908525709
908669103
908809793
908824928
908916472
908927300
908984579
910032946
910037859
910039643
910054289
910059008
910087436
910087660
910100051
910105052
910105335
910151067
910196089
910201597
910203782
910228630
910316401
910317366
910379011
910489072
910501334
910606948
910611445
910623457
910650018
910651366
910766530
910766545
910770141
910773190
910783045
910783118
910785560
910785567
910786753
910787298
910793330
910793465
910793884
910794518
910794561
910795489
910799735
910806790
910808002
910822584
910831901
910840687
910840984
910880123
910880589
910889395
910916445
911041187
911048886
911054251
911081172
911081360
911081528
911081588
911081794
911081795
911081796
911081797
911081871
911082604
911083532
911083536
911083539
911083545
911083553
911084179
911084199
911084734
911084914
911085334
911085876
911086273
911086457
911088651
911089244
911089271
911089292
911089555
911089557
911090317
911091475
911092766
911092893
911093370
911093497
911093573
911093599
911093793
911093929
911094431
911095317
911096141
911096170
911096232
911096255
911096513
911096805
911097556
911098329
911098841
911104105
911104705
911104787
911120405
911170443
911170447
911170474
911170538
911170541
911170565
911170585
911170586
911170589
911170592
911170593
911170594
911170598
911170628
911170744
911171021
911171099
911171891
911172027
911172028
911172032
911172051
911172052
911172064
911172122
911172163
911172214
911172240
911172348
911172602
911172685
911172702
911172754
911172764
911173037
911173040
911173055
911173071
911173082
911173085
911173142
911173143
911173151
911173153
911173197
911173319
911173358
911173372
911173398
911173756
911173887
911173898
911174024
911174034
911174174
911174179
911174184
911174309
911174320
911174332
911174397
911174399
911174441
911174443
911174480
911174492
911174493
911174575
911174626
911174629
911174630
911174666
911174670
911174679
911174684
911174697
911174765
911174866
911174889
911174906
911174921
911174927
911174928
911175936
911175958
911175964
911176321
911176323
911177224
911177239
911177250
911177758
911177772
911177774
911177783
911177785
911177788
911177791
911178210
911178324
911179658
911179698
911179769
911179905
911199911
911210465
911212100
911260318
911260406
911260682
911275703
911275843
911278712
911278942
911278953
911285099
911285364
911285368
911286183
911286185
911286697
911286712
911286899
911286913
911287026
911287040
911287070
911300747
911309286
911333522
911390628
911391381
911418396
911419176
911453510
911501503
911501504
911591557
911596909
911598405
911672314
911674580
911753264
911817754
911819065
911829140
911837000
911837001
911840619
911840620
911840622
911840623
911844149
911851227
911864538
911906250
911941476
911943869
911944925
911944927
911944929
911945110
911945285
911969175
911969176
911971112
911971128
911971356
911971357
911971359
911973464
911974006
911974008
911974023
911974031
911974296
911974301
911974394
911974575
911974581
911974603
911974619
911974643
911974647
911974704
911974784
911974798
911974876
911974881
911974892
911975025
911975031
911975034
911975035
911975043
911975049
911975054
911975068
911975091
911975095
911981368
911985272
911989228
912016000
912062207
912066666
912106910
912159280
912222123
912222124
912222975
912254515
912254655
912254666
912254770
912303563
912411466
912486171
912777782
912790185
912793378
912794649
912797405
912808118
912919964
913335666
913402945
913488867
913489013
913617472
913700001
914118938
914187988
914289018
914289023
914289041
914289047
914289051
914289063
914289068
914289071
914289073
914289084
914289087
914289090
914289091
914444400
914527035
914530050
914564430
914566686
914951089
915026054
915142043
915146653
915154613
915155529
915162768
915203359
915223415
915223768
915224073
915229125
915231487
915251724
915252308
915254769
915254870
915255493
915256417
915256430
915257583
915259892
915504800
915510259
915510267
915510289
915510537
915510538
915510541
915510545
915510549
915510646
915510674
915510691
915510693
915510756
915510800
915578306
915578390
915735986
915735996
915735997
915753955
915755384
915792392
915888279
915888493
915888574
915909737
916258310
916258311
916344498
916349553
916350742
916393488
916879032
917015598
917088770
917127443
917127661
917127667
917129490
917154816
917215232
917220650
917234170
917235747
917245572
917268862
917273027
917283883
917285238
917329201
917342550
917352830
917358727
917362702
917371092
917371594
917372067
917372919
917373210
917415089
917416510
917434674
917437888
917443731
917611641
917614336
917617654
917618475
917627820
917674164
917676371
917685017
917688840
917689910
917719897
917796694
917870533
917879730
917886814
917886817
917886818
917886821
917886823
917886829
917886832
917887930
917892058
917892077
917892081
917892108
917892140
917892182
917904532
917906058
917906059
917906062
917906068
917906076
917914500
917914507
917914514
917935886
917935887
917935918
917935965
917936174
918364267
918364554
918365812
918376483
918966430
919076725
919120020
919153928
919153974
919188211
919188214
919236633
919236637
919236784
919236792
919236800
919236816
919259632
919259649
919259656
919371495
919371496
919371497
919371695
919372351
919432384
919432411
919432416
919432421
919432422
919432425
919432801
919433501
919440738
919445797
919445997
919449282
919449283
919462212
919462214
919462224
919462226
919462272
919462437
919462478
919462491
919462546
919462555
919462564
919462570
919462573
919462577
919462579
919462586
919462587
919462595
919462596
919462597
919462640
919462644
919462646
919462650
919462660
919462676
919462682
919462686
919462699
919462838
919462898
919462958
919462963
919462971
919462991
919464172
919466062
919466065
919466068
919466070
919467411
919490312
919522189
919550898
919550944
919550972
919550993
919590132
919590147
919590175
919590251
919590357
919590802
919591146
919591382
919591457
919591488
919591491
919591528
919591529
919591531
919591537
919591539
919591543
919591546
919591552
919591557
919591565
919591628
919591634
919591636
919591639
919591644
919591699
919593425
919593936
919594505
919594508
919594615
919595098
919595839
919597281
919597372
919597686
919597817
919598229
919599052
919600613
919601488
919602883
919602905
919602925
919602928
919602930
919602975
919617589
919702400
919890378
919890749
919890788
919890816
919891694
919891865
919892248
919892542
919892549
919893673
919895089
919895384
919895408
919895484
919895918
919896084
919896127
919896328
919896340
919896372
919896401
919896984
919897315
919897563
919898061
919898096
919898115
919898116
919898130
919898133
919898137
919898144
919898147
919898165
919898168
919898377
919898422
919898462
919898575
919898654
919898894
919899038
919899082
919899086
919899140
919899303
919899524
919899553
919899795
919899942
919908469
919908481
919908495
919908593
919947356
919973515
919973624
919975005
919975238
919975263
919975300
919975558
919975654
919976609
919976639
919976640
919976702
919976703
919976734
919976739
919976758
919976770
919976794
919976802
919976842
919976843
919976886
919976895
919976926
919976957
919977032
919977048
919977051
919977116
919977261
919977317
919977389
919977573
919977576
919977629
919977654
919977682
919977821
919977883
919978037
919978111
920060732
920190209
920204540
920222875
920330790
920335245
920353559
920500544
920500548
920500608
920500714
920500824
920501080
920501096
920501485
920501607
920501643
920501701
920501936
920770723
920845465
920881215
920888025
920991193
920994729
921027392
921033462
921194624
921195586
921195588
921210410
921210576
921229963
921275823
921275836
921277124
921310002
921310034
921310245
921310377
921310395
921310462
921310572
921310723
921311020
921311023
921311027
921311435
921311533
921311829
921311899
921312061
921313047
921315989
921519299
921616848
921619039
921920711
921920757
921925111
921925802
922060530
922060562
922157279
922238097
922327014
922735919
922896202
922980731
923061800
923387038
923659635
923659860
923659894
923659918
923690293
923696660
923727634
923808654
923880216
923880240
923880296
923880315
923880318
923880392
923880431
923880579
923880585
923880727
923880742
923880761
923880790
923880857
923880985
923881087
923881192
923881258
923881291
923881311
923881387
923881404
923881434
923881445
923881459
923988042
923988050
923988055
923988057
923990920
924100152
924213056
924241234
924281179
924281182
924290162
924290203
924290753
924290771
924290904
924291004
924291016
924291061
924291081
924291285
924291749
924291809
924291810
924291826
924291836
924291894
924292247
924292250
924292251
924292255
924292258
924292407
924293304
924293591
924293594
924293718
924293882
924591802
924952955
924980830
925049042
925103664
925288450
925525969
925529962
925670428
925673810
925679950
925699503
925699516
925699554
925699556
925699565
925699747
925958752
926400295
926400767
926401541
926401548
926402086
926599659
927069827
927620165
927699937
927770839
927770926
927779631
927779683
927779697
927802137
927830458
927830537
927830539
927830554
927830626
927830697
927830798
927830804
927830821
927831353
927831446
927831447
927831453
927831533
927831867
927832091
927832124
927832611
927833017
927935729
927935738
927935767
927935789
927939038
927939103
927952000
927952062
928218206
928227849
928974240
930202004
930311998
930330172
930330749
930330750
930330887
930330977
930330994
930340717
930348171
930349902
930368375
930368378
930368948
930368950
930368953
930368954
930369057
930369518
930466900
930468048
930468172
930468250
930468332
930468448
930468497
930468505
930468516
930473928
930473938
930474774
930475058
930475151
930475230
930475398
930475472
930475579
930475665
930478437
930479670
930479672
930479687
930481274
930487008
930487076
930487200
930487306
930487315
930492836
930493221
930496770
930496783
930496784
930496789
930496791
930496799
930756687
930797338
930837972
930882027
930882216
930901685
930902212
930902292
930902299
930902355
930902421
930902457
930902533
930902537
930902550
930902577
930902585
930902800
930902851
930902903
930904279
930904282
930908184
930930778
931194451
931194455
931201009
931201167
931202783
931203137
931203156
931203326
931203381
931203382
931203386
931203396
931203401
931203414
931203416
931203449
931203514
931203521
931204153
931205759
931205804
931205829
931205846
931205883
931205928
931205969
931205994
931206023
931206045
931206191
931206312
931206329
931206349
931206356
931206375
931206808
931206819
931206996
931207026
931207084
931207093
931207305
931225991
931227920
931258067
931311458
931311464
931311469
931313708
931313711
931313713
931313716
931313718
931314064
931314790
931314799
931315111
931315123
931315135
931315150
931315162
931315167
931316716
931316904
931317381
931317847
931318923
931318937
931319081
931319664
931350539
931351141
931351387
931351686
931351697
931351699
931351722
931351761
931351767
931352385
931352617
931352680
931352981
931352997
931353015
931353018
931353020
931353021
931353539
931354086
931354099
931354409
931354411
931354412
931354416
931354452
931354483
931354492
931354904
931354910
931354912
931354917
931354932
931354935
931354938
931354939
931355956
931355974
931355992
931356114
931356338
931359143
931591569
931594700
931676768
931676794
931676798
931689242
931710566
931775975
931775991
931776208
931888350
932211074
932212237
932424459
932425854
932545257
932593565
932593571
932593782
932746401
932775194
933803069
933803073
933803074
933803077
933803078
933803079
933872966
933931244
933931247
933961192
933975409
934448804
934459649
934921712
934921751
934921792
934922550
934924600
934925063
934925205
934925207
934925392
935127197
935212872
935215810
935479692
935491424
935595721
935595723
935595735
935595755
935595807
935596513
935596557
935596561
935596562
935771433
935771673
935771730
935771763
935771811
935772180
935773679
935777341
935777354
935777413
935957121
935957665
935957807
935957850
935958603
935959141
935959148
935959170
935959179
935959264
935959403
935959468
936119482
936191490
936191964
936191967
936191977
936191980
936461307
936461326
936461331
936461332
936461363
936461375
937018420
937061510
937374028
937734898
938343919
939014447
939138753
939956031
940238383
940285590
940299960
940299966
940414787
940460860
940460873
940607762
940655808
940655890
940696351
940756748
940855978
940855979
940855980
940855983
940855985
940855989
940855991
940855992
940855993
940855994
940855997
941125296
942090107
942105494
942179997
942191913
942192611
942328515
942328524
942428522
942429688
942465143
942763835
942840140
942870898
942930528
942934724
942948327
942948333
942948960
942948965
943151166
943930409
943931300
943985591
944342107
944342989
944771344
944772424
944772480
944774036
944774122
944775094
945007610
945036949
945499011
945499045
945551051
945552021
945552077
945560956
945562229
945569263
945659970
945660054
945660236
945660641
945660841
945660879
945661321
945661558
945661565
945661611
945661620
945661624
945661629
945661632
945661641
945661643
945661646
945661647
945661649
945661650
945661651
945661652
945661672
945661678
945661682
945661714
945662059
945662313
945662428
945662682
945662691
945662710
945662711
945662713
945663024
945663516
945670882
945720033
946341009
946341017
946341027
946341031
946341074
946342227
946342603
946342616
946342635
946342657
946342684
946342738
946438921
946438954
946519590
946519595
946660122
946660164
946660431
946910149
946930155
946947674
946959880
946988655
946988656
946988661
947000000
947003944
947118193
947252581
947466885
947651068
947651097
947651120
947651192
947651313
947651761
947679705
947679715
947679716
947679717
947780219
947780417
947780592
947780760
947780844
947780897
947781502
947781958
947782603
947782725
947782750
947782752
947978717
947980736
948069844
948986046
949032232
949171028
949199760
949209200
949253878
949333250
949365485
949599752
949599929
949599930
949700170
949700326
949700329
949700386
949700391
949700515
949700735
949700980
949701385
949701699
949792341
949870105
949870133
949870151
949870569
949870575
949874053
949874551
950033687
950087754
950087764
950500279
950500291
950500765
950500795
950500985
950501019
950501126
950501304
950501320
950501344
950501397
950501868
950501869
950501882
950502175
950502347
950502378
950502399
950502453
950502489
950502495
950502565
950502574
950502598
950502636
950502644
950502650
950502652
950502653
950502826
950502838
950502862
950502867
950502945
950502948
950502981
950503004
950503137
950503157
950503185
950503238
950503356
950503396
950503622
950503651
950503657
950503662
950503669
950503766
950503771
950503782
950503792
950503794
950503855
950503873
950504058
950504062
950504075
950504103
950504187
950504197
950504203
950504216
950504257
950504265
950504313
950504339
950504349
950504378
950504426
950504549
950504715
950504743
950504809
950504838
950504854
950505099
950505166
950505168
950621063
950680302
950681316
950699478
950699545
950699585
950699678
950699728
950720745
950730393
950772226
950824989
950831047
950831070
950831237
950834001
950834002
950853070
950930101
950930110
950937980
950938956
950950866
950950904
950950924
950951254
950969340
950969707
951014830
951015824
951029317
951029318
951029763
951108198
951108663
951176650
951195739
951230548
951230587
951232289
951232543
951233283
951233304
951233408
951233409
951244453
951244456
951244463
951244508
951244513
951244521
951244526
951244541
951244543
951244573
951244595
951244650
951270689
951270948
951386739
951390705
951390913
951419470
951441328
951550102
951550737
951550874
951552924
951553026
951553070
951553483
951553515
951553654
951553980
951554059
951555173
951555175
951555519
951555533
951555541
951555548
951555560
951555561
951555574
951555579
951555596
951555605
951555610
951555614
951555616
951555617
951555619
951555620
951555623
951555625
951555626
951555627
951555631
951555632
951555633
951555634
951555635
951555637
951555638
951555641
951555642
951555643
951555644
951555645
951555646
951555647
951555650
951555653
951555655
951555656
951555658
951555661
951555663
951555664
951555665
951555667
951555669
951555672
951555674
951555678
951555723
951555739
951555740
951555746
951555750
951555751
951555754
951555755
951555756
951555760
951555762
951555763
951555765
951555768
951555769
951555770
951555774
951555778
951555978
951556034
951556041
951556046
951556088
951556089
951556092
951556094
951556095
951556096
951556097
951556098
951556100
951556124
951556127
951556133
951556148
951556157
951556161
951556165
951556167
951556170
951556171
951556175
951556176
951556180
951556182
951556192
951556193
951556245
951556538
951556540
951556542
951556569
951556613
951558808
951558809
951558815
951558839
951558861
951558870
951558871
951558874
951558876
951559001
951559429
951559629
951559842
951559854
951559881
951559891
951559954
951560560
951612332
951612475
951612905
951660644
951670716
951744928
951749050
951823189
951830155
951830516
951831788
951831919
951831945
951831965
951831966
951831972
951832092
951832215
951832249
951832294
951832749
951832785
951832802
951832817
951832872
951832890
951832997
951833110
951833135
951833138
951833196
951833205
951833228
951833264
951833278
951833340
951833501
951833622
951833682
951833833
951833941
951834144
951834394
951834411
951834414
951834430
951834483
951834526
951834554
951834672
951834677
951834702
951834709
951835188
951835393
951836849
951837204
951837244
951837307
951837382
951837452
951837458
951837467
951837720
951837756
952105100
952256150
952773370
952853457
952997115
953139630
953139645
953139657
953139735
953139912
953139984
953139988
953162365
953170272
953170442
953170521
953170524
953170590
953170646
953170658
953170724
953170783
953170801
953170839
953170852
953170920
953170970
953171034
953171054
953171083
953171168
953171184
953171186
953171202
953171214
953171216
953171274
953171309
953171335
953171353
953171383
953171485
953171601
953171630
953171658
953171701
953171709
953171866
953172036
953172045
953172210
953172232
953172238
953172254
953172294
953172311
953172322
953172328
953172356
953172366
953172381
953172427
953172449
953172471
953172554
953172558
953172563
953172671
953172701
953172710
953172789
953172922
953173128
953173133
953173299
953201556
953201982
953331294
953331536
953332123
953334216
953742577
953800208
953820079
953826962
953826972
953887081
953891032
953891068
953891075
953891079
953891087
953898033
953898049
953899947
953940889
953941842
953941924
953942035
953942141
953942340
953942354
953979025
953979124
953979159
953979172
953981811
953981813
953981816
953995512
954050456
954054003
954057337
954057373
954057561
954321244
954321950
954322918
954322970
955029120
955095240
955147698
955300535
955328216
955369024
955369269
955369693
955369941
955440075
955441087
955441471
955441481
955441502
955441835
955441839
955441863
955442674
955442688
955444020
955444069
955444604
955444640
955444679
955444719
955444835
955444988
955445283
955445317
955445589
955445615
955445623
955445624
955445639
955445708
955445709
955445710
955445716
955445871
955445970
955445973
955445976
955445981
955445983
955445986
955445989
955446195
955446241
955446764
955446787
955446983
955446988
955447187
955447188
955447195
955447214
955447397
955447416
955447708
955447762
955447801
955447807
955447909
955447911
955447923
955447940
955447942
955447943
955447970
955447972
955447977
955448053
955448251
955448459
955448489
955448492
955448709
955448728
955448731
955448766
955448771
955448780
955448783
955449183
955449185
955449189
955449192
955449193
955449194
955449195
955449196
955449199
955449359
955449362
955800008
955944444
956003076
956026176
956031663
956293408
956906905
956920507
956920513
956920548
956923542
956926665
956926666
956926673
956990432
957057703
957086032
957086138
957194875
957473780
957781574
957787815
957787826
957787830
957787851
957789960
957855226
957855785
957859044
957859325
957863287
957869673
957869901
957869950
957870412
957977202
957981961
958226864
958460892
958870140
958870148
958870151
958871746
958871884
958871896
958871980
958872293
958872320
958872612
958872615
958872619
958872817
958872837
958873072
958873140
958873145
958873148
958873440
958873737
958873836
958874028
958874029
958874032
958874034
958874586
958874600
958874611
958875665
958875698
958876687
958993061
958998916
958999142
958999907
958999920
958999933
958999957
959015033
959033618
959078382
959541381
959541400
959688033
959688077
959688086
959699431
959699539
959699743
959770041
959770070
959770313
959770446
959770474
959770629
959770692
959770771
959770936
959770943
959771191
959771273
959771289
959771349
959771404
959771435
959771474
959771583
959771714
959771734
959771758
959771835
959771843
959771857
959771950
959772231
959772249
959772250
959772261
959772267
959772350
959772438
959772450
959772467
959772510
959772526
959772575
959772623
959772632
959772709
959772840
959772961
959773311
959773387
959773430
959773451
959773473
959864149
959870909
959870967
959870973
959870980
959870983
959870984
959878950
959879909
959879941
959894397
959894568
959894615
959894665
959894698
959899879
959899927
959940289
959962228
959962321
960101243
960101253
960101257
960101263
960101269
960101275
960101282
960101289
960101459
960102551
960102571
960102597
960102604
960102609
960102621
960102651
960102676
960102705
960102713
960102721
960102738
960102764
960102774
960102779
960102785
960102804
960102814
960102837
960102838
960102853
960102854
960102858
960102872
960102873
960102874
960102879
960102893
960102905
960102906
960102913
960102919
960102925
960102936
960102945
960102949
960102959
960102969
960102971
960102981
960102992
960102994
960102995
960102997
960103001
960103002
960103006
960103007
960103008
960103014
960103016
960103017
960103021
960103024
960103026
960103028
960103031
960103034
960103036
960103038
960103041
960103043
960103047
960103053
960103057
960103059
960103065
960103076
960103095
960103213
960103252
960103272
960103278
960103283
960103285
960103287
960103292
960103295
960103301
960117586
960133581
960201881
960204823
960205647
960206631
960206642
960206686
960207118
960207135
960209291
960209496
960255667
960257102
960262462
960263066
960263109
960263500
960263746
960263819
960264329
960264340
960264395
960264433
960264476
960264484
960264566
960267772
960268058
960268901
960289230
960300539
960300641
960383006
960383062
960383086
960383094
960383108
960383212
960396415
960396505
960396507
960396514
960396516
960396525
960396527
960396539
960396582
960396716
960396815
960396912
960397212
960408748
960438520
960559829
960595107
960598797
960623972
960643384
960643392
960654825
960660016
960662126
960662386
960663621
960663784
960664394
960664914
960664957
960664994
960665020
960665479
960665995
960665996
960666124
960666281
960666297
960666298
960666299
960666458
960666541
960666617
960666694
960666802
960666803
960667235
960668686
960668730
960668763
960669069
960669886
961122194
961122600
961122932
961162885
961162945
961195850
961195852
961195853
961195855
961259170
961314932
961427893
961429674
961483121
961824678
961824704
961824711
962061236
962061319
963021449
963021451
963604370
963703333
963959076
964188465
964254824
964633880
964780603
964780609
964780734
964820041
964820046
964868708
964880687
964881010
964881099
964881362
964881497
964881541
964881624
964881959
964882367
964882376
964882422
964883053
964883163
964883908
964883922
964890110
964972132
965000391
965023624
965270744
965271359
965271859
965272011
965272287
965272324
965272516
965272567
965272570
965272581
965272817
965272849
965272877
965272886
965272893
965272904
965273029
965273504
965274416
965274465
965274548
965274551
965274642
965274659
965274663
965274669
965274674
965274677
965274680
965274681
965274686
965274687
965274691
965274695
965274697
965274698
965274729
965274730
965274731
965274735
965274738
965274744
965274850
965274852
965274900
965274916
965274964
965275325
965275328
965275355
965275360
965275467
965275532
965275539
965275543
965275546
965275547
965275549
965275550
965275551
965275552
965275553
965275554
965275557
965275558
965275559
965275560
965275561
965275562
965275565
965275568
965275570
965275571
965275574
965275576
965275579
965275581
965275584
965275587
965275588
965275590
965275592
965275594
965275595
965275928
965275982
965276051
965276088
965276090
965276182
965276298
965276314
965276373
965276377
965277340
965277355
965277374
965277375
965277403
965277405
965277429
965277434
965277435
965278133
965278137
965278150
965278649
965278652
965278691
965278694
965278725
965278748
965853033
966456942
966921313
966940839
967297542
967645159
967770473
967770492
967770525
967770552
967770648
967770766
967770847
967770978
967770997
967771138
967771377
967771537
967771600
967771601
967771607
967771672
967771796
967771906
967771991
967772095
967772667
967772727
967773409
967774186
967800183
967834609
967887211
967887792
967920201
967961174
967961179
967961661
967961672
967968464
968330361
968432153
968975087
969200915
969754089
969754110
969754163
969754220
969754313
969754368
969754425
969754450
969754519
969754554
969754595
969754619
969754639
969754735
969754761
969754807
969754815
969754907
969754983
969755054
969755091
969755203
969755314
969755338
969755442
969755475
969755564
969755635
969755686
969755949
969756024
969756040
969756062
969756164
969756208
969756247
969756268
969756384
969756398
969756467
969756581
969756660
969756707
969756781
969756808
969756827
969756923
969879670
969947597
969993052
971120062
971120649
972118121
972118122
972996504
973043011
973307093
973930581
973930596
973930636
973930669
973930696
973930932
973931025
973931040
973931500
973931532
973932528
973932637
973949385
973949454
973982114
973982137
973989934
974130183
974130197
974130715
974130806
974141056
974141082
974141145
974147801
974147826
974147833
974147836
974147877
974198005
974220600
974353786
974403771
974457840
974520047
974520090
974526000
974526140
974560809
974560882
974568850
974569932
974590985
974591076
974750700
974907569
975193905
975221299
975239380
975247254
975459900
975570038
975570102
975570113
975570140
975570181
975570245
975570555
975570626
975570667
975570724
975570726
975570889
975571002
975571157
975571848
975579083
975711097
975715638
975719817
976111085
976360701
976361350
976361351
976480803
976748000
976990003
976993932
977129078
977274522
977274548
977414178
977448550
977778500
977900209
977900288
977900315
977900507
977900764
977900849
977901025
977901034
977901053
977901310
977901809
977901812
977901817
977901849
977901853
977901934
977903191
977903241
977903642
977903804
978180538
978224551
978620378
978621378
978621472
978622425
978622580
978623850
978623895
978623993
978624061
978624109
978624840
978624899
978624986
979052924
979122100
979166170
979178215
979210061
979210426
979210442
979210448
979210569
979210770
979210861
979211155
979211158
979211813
979211858
979376903
979610842
979689037
979695464
979695481
979695483
979695487
979695546
979695627
979695640
979695656
979695687
979695772
979695774
979696315
979696615
979696909
979697013
979697314
979697634
979697865
979697926
979697989
979698639
979699505
979921425
980000007
980020075
980032511
980033003
980033014
980033015
980070282
980070879
980071092
980071145
980071269
980071609
980071629
980071690
980190739
980218023
980218025
980409682
980409845
980409878
980409991
980455626
980603362
980882023
980882042
980890906
980890930
980983317
980983450
980987821
981113492
981254941
981541542
982040965
982239300
982293050
982480620
982500004
982561394
982604069
982650031
982650052
982650265
982650900
982650903
982650954
982650973
982650983
982659494
982662105
982679529
982690012
982721181
982721200
982920138
982920704
982920721
982921167
982921326
982921385
982921504
982921529
982921530
982921595
982922256
982922603
982922798
982980816
982987534
983456789
983570092
983570335
983570377
983570580
983570635
983570736
983570836
983571023
983571336
983571387
983571393
983571425
983571593
983571784
983571799
983571801
983571806
983571816
983571835
983571846
983571849
983571850
983571865
983571873
983571874
983571881
983571886
983571887
983571888
983571890
983571892
983571893
983571894
983571895
983571896
983571897
983571898
983571903
983571908
983571912
983571913
983571918
983571923
983571925
983571926
983571928
983571929
983571930
983571931
983571932
983571938
983571940
983571942
983571943
983571945
983571946
983571947
983571948
983571950
983571951
983571952
983571953
983571959
983571961
983572121
983572138
983572142
983572148
983572156
983572157
983572158
983572159
983572160
983572161
983572162
983572165
983572166
983572168
983572169
983572171
983572172
983572174
983572176
983572177
983572178
983572180
983572181
983572182
983572183
983572184
983572185
983572188
983572193
983572197
983572231
983572234
983572290
983572296
983572297
983572403
983572438
983572440
983572441
983572446
983572447
983572448
983572450
983572453
983572454
983572456
983572457
983572458
983572462
983572467
983572469
983572470
983572480
983572489
983572491
983572496
983572497
983572538
983572561
983572601
983572643
983572645
983572690
983572691
983572692
983572712
983572715
983572722
983572726
983572736
983572737
983572739
983572742
983572744
983572747
983572749
983572761
983572899
983572905
983572917
983574300
983574301
983574303
983574304
983574306
983574622
984018514
984020077
984244489
984246036
984246350
984272097
984272114
984340686
984340707
984340940
984342234
984342396
984342756
984343019
984343025
984343516
984343638
984481125
984481149
984681065
984681204
984800190
984800217
984800416
985106100
985208974
985678800
986544079
986986524
987792870
987910108
988140686
988142402
988292384
988652186
989124711
989242411
989716760
989896794
989896796
989896797
989896798
990122516
990122560
990122628
990122678
990122707
990122733
990122768
990122826
990122877
990122907
990123047
990123120
990123176
990123206
990123258
990123284
990123342
990123425
990123447
990123487
990123514
990123578
990123588
990123641
990123670
990123844
990123888
990123960
990123967
990124075
990124088
990124144
990124197
990124265
990124328
990124380
990124574
991181509
992220048
992220651
992220721
992220910
992221272
992221542
992221749
992221871
992221979
992222003
992222062
992222413
992222493
992222697
993294247
993294248
993294275
993294404
993294462
993294491
993294517
993294538
993294666
993294778
993294811
993294897
993294919
993294939
993294999
993295003
993295042
993295095
993295125
993295334
993295393
993295511
993295542
993295594
993295625
993295645
993295690
993295710
993295722
993295807
993295827
993295879
993295908
993295945
993296009
993296078
993296112
993296155
993296290
993296295
993296361
993296548
993296592
993296684
993296700
993296769
993296777
993296990
995390089
995390318
995390334
995390764
995390994
995391136
995391145
995391272
995392024
995392806
995393071
995393599
995393951
995394013
995394174
995394330
995394560
995394644
995395428
995396042
995396264
996408083
996408233
996408436
996408653
996408749
996408870
996408959
996409028
996409179
996409424
996409454
996409603
996409677
996409818
996409819
996409869
996409984
997480006
997480061
997480141
997480142
997480170
997480237
997480268
997480356
997480406
997480429
997480594
997480688
997480771
997480793
997480856
997480876
997480921
997480958
997481058
997481067
997481085
997481105
997481156
997481221
997481480
997481531
997481626
997481741
997481851
997481966
999310370
